PC,Longitud,Latitud
44009,-102.7457821,20.8303963
44100,-103.35456352316794,20.677387030638364
44110,-103.39284892,20.67292548
44130,-103.38169959053376,20.673263879599464
44140,-103.37009736,20.6719791
44150,-103.371503825,20.66988635
44158,-103.37964155,20.6766479
44160,-103.36062024038156,20.66240402948718
44170,-103.36001739999999,20.67133306
44180,-103.35180022957148,20.666550236397665
44190,-103.3578434296252,20.665404204999998
44200,-103.35516542916253,20.68212149000874
44210,-103.360573425795,20.70794793210999
44214,-102.7457821,20.8303963
44215,-102.7457821,20.8303963
44216,-102.7457821,20.8303963
44217,-102.7457821,20.8303963
44218,-102.7457821,20.8303963
44219,-102.7457821,20.8303963
44220,-103.3473861783862,20.708241660920706
44227,-102.7457821,20.8303963
44230,-103.3386072,20.714194607692306
44240,-103.33007507701372,20.711170584795592
44246,-102.7457821,20.8303963
44247,-102.7457821,20.8303963
44249,-102.7457821,20.8303963
44250,-103.32175542418193,20.725771710872802
44257,-102.7457821,20.8303963
44258,-102.7457821,20.8303963
44259,-103.31122884999999,20.7352469
44260,-103.35679894074173,20.695405529067493
44265,-102.7457821,20.8303963
44266,-103.3490933,20.6987219
44267,-102.7457821,20.8303963
44268,-102.7457821,20.8303963
44270,-103.3452702179487,20.693879633333342
44280,-103.34498907380639,20.685519416377577
44290,-103.33707193618896,20.69737524125781
44298,-103.3429377,20.71115555
44299,-102.7457821,20.8303963
44300,-103.31202576531317,20.71065659684829
44306,-102.7457821,20.8303963
44307,-103.3284999,20.711663950000002
44320,-103.32351393555858,20.702729641579673
44329,-102.7457821,20.8303963
44330,-103.3113607826087,20.696980221739132
44340,-103.3297405304823,20.69450604533785
44350,-103.3163762381282,20.688915834648032
44360,-103.33494181500002,20.6780759875
44370,-103.3208022776409,20.682666248791506
44380,-103.32243620212682,20.674565710793132
44390,-103.29942132950738,20.718949208547244
44395,-102.7457821,20.8303963
44398,-102.7457821,20.8303963
44399,-102.7457821,20.8303963
44400,-103.33319892173914,20.66151716086956
44410,-103.31868219333334,20.66007329333333
44420,-103.3349521778955,20.662010663723755
44430,-103.33148488282677,20.66062109190308
44438,-102.7457821,20.8303963
44440,-103.34745329040058,20.64172761219427
44450,-103.34137734425777,20.664944798280075
44460,-103.34071180000001,20.6580618
44467,-102.7457821,20.8303963
44469,-102.7457821,20.8303963
44470,-103.3428761141247,20.63044582370032
44490,-102.7457821,20.8303963
44493,-102.7457821,20.8303963
44500,-103.39575121341531,20.666652563539905
44509,-102.7457821,20.8303963
44510,-103.39564733004741,20.6560245195451
44520,-103.38496856148699,20.664626397099482
44530,-103.3862587640828,20.653981661875484
44535,-102.7457821,20.8303963
44538,-102.7457821,20.8303963
44540,-103.39262559000001,20.64731479
44549,-102.7457821,20.8303963
44550,-103.3790270375,20.664134875000002
44559,-102.7457821,20.8303963
44560,-102.7457821,20.8303963
44580,-103.39418789759989,20.63972227121395
44600,-103.37238639222272,20.679628904806794
44610,-103.36038985333333,20.696903413333334
44619,-102.7457821,20.8303963
44620,-103.37378653053105,20.697147383294208
44630,-103.3836834349458,20.69812185475669
44635,-102.7457821,20.8303963
44638,-103.3880237,20.6973249
44639,-103.38696875,20.6959316
44647,-103.39155,20.694607
44648,-103.37875564768026,20.692237526376633
44650,-103.37514372000001,20.68730994
44656,-102.7457821,20.8303963
44657,-102.7457821,20.8303963
44658,-102.7457821,20.8303963
44659,-102.7457821,20.8303963
44660,-103.38105805738276,20.69428995778032
44665,-102.7457821,20.8303963
44667,-102.7457821,20.8303963
44668,-102.7457821,20.8303963
44670,-103.39146042189108,20.68271972081627
44678,-102.7457821,20.8303963
44679,-102.7457821,20.8303963
44680,-103.37567779396689,20.679799715977552
44689,-102.7457821,20.8303963
44690,-103.39527374631422,20.67673433041146
44700,-103.29615535675671,20.691366643243242
44710,-103.31256432396651,20.67972542902356
44716,-102.7457821,20.8303963
44719,-103.30926249999999,20.6883635
44720,-103.28354827445123,20.689625861283286
44723,-102.7457821,20.8303963
44724,-102.7457821,20.8303963
44725,-102.7457821,20.8303963
44726,-102.7457821,20.8303963
44727,-102.7457821,20.8303963
44729,-102.7457821,20.8303963
44730,-103.30876365784168,20.673590002515475
44737,-102.7457821,20.8303963
44740,-103.30490957272728,20.673752745454546
44748,-102.7457821,20.8303963
44750,-103.29598323636364,20.670814245454547
44755,-102.7457821,20.8303963
44757,-102.7457821,20.8303963
44760,-103.2792488634175,20.678818293416985
44765,-102.7457821,20.8303963
44766,-102.7457821,20.8303963
44768,-102.7457821,20.8303963
44769,-102.7457821,20.8303963
44770,-103.27926763873795,20.672168146660606
44780,-103.30865202499999,20.69231475
44790,-103.29759165448652,20.66675663185995
44799,-102.7457821,20.8303963
44800,-103.3159165,20.661432150000003
44810,-103.29620500434784,20.656233147826086
44815,-102.7457821,20.8303963
44817,-102.7457821,20.8303963
44818,-102.7457821,20.8303963
44820,-103.2790657107143,20.653625860714282
44824,-103.283192,20.645031
44825,-102.7457821,20.8303963
44827,-102.7457821,20.8303963
44828,-102.7457821,20.8303963
44829,-102.7457821,20.8303963
44840,-103.31861578947368,20.65051733157895
44860,-103.2955533480769,20.64628624038462
44870,-103.32253124276599,20.64542643112455
44879,-102.7457821,20.8303963
44890,-103.32473843465358,20.641230324376934
44895,-103.3254407,20.6300994
44896,-102.7457821,20.8303963
44897,-103.32474215671203,20.6348707444924
44898,-102.7457821,20.8303963
44899,-102.7457821,20.8303963
44900,-103.37099868569814,20.657009467360147
44910,-103.35960773769813,20.651039812249845
44918,-102.7457821,20.8303963
44919,-102.7457821,20.8303963
44920,-103.37533665600002,20.650575608
44929,-102.7457821,20.8303963
44930,-103.37183350000001,20.6407933
44940,-103.3589330254083,20.634601735721322
44948,-102.7457821,20.8303963
44949,-102.7457821,20.8303963
44950,-103.37816034626698,20.643499253202112
44956,-102.7457821,20.8303963
44959,-102.7457821,20.8303963
44960,-103.37748221660483,20.62673267423464
44966,-102.7457821,20.8303963
44967,-102.7457821,20.8303963
44969,-102.7457821,20.8303963
44970,-103.35884460909091,20.622078413636363
44977,-102.7457821,20.8303963
44978,-102.7457821,20.8303963
44980,-103.38183266629274,20.618262090926113
44984,-102.7457821,20.8303963
44985,-102.7457821,20.8303963
44986,-103.371301,20.616229
44987,-102.7457821,20.8303963
44989,-103.39284249999999,20.626760833333332
44990,-102.7457821,20.8303963
